
[[[170 105   0]
  [170 105   0]
  [170 105   0]
  ...
  [170 105   0]
  [170 105   0]
  [170 105   0]]

 [[170 105   0]
  [170 105   0]
  [170 105   0]
  ...
  [170 105   0]
  [170 105   0]
  [170 105   0]]

 [[170 105   0]
  [170 105   0]
  [170 105   0]
  ...
  [170 105   0]
  [170 105   0]
  [170 105   0]]

 ...

 [[221 207 199]
  [221 207 199]
  [221 207 199]
  ...
  [221 207 199]
  [221 207 199]
  [221 207 199]]

 [[221 207 199]
  [221 207 199]
  [221 207 199]
  ...
  [221 207 199]
  [221 207 199]
  [221 207 199]]

 [[221 207 199]
  [221 207 199]
  [221 207 199]
  ...
  [221 207 199]
  [221 207 199]
  [221 207 199]]]
[[[170 105   0]
  [170 105   0]
  [170 105   0]
  ...
  [170 105   0]
  [170 105   0]
  [170 105   0]]

 [[170 105   0]
  [170 105   0]
  [170 105   0]
  ...
  [170 105   0]
  [170 105   0]
  [170 105   0]]

 [[170 105   0]
  [170 105   0]
  [170 105   0]
  ...
  [170 105   0]
  [170 105   0]
  [170 105   0]]

 ...

 [[221 207 199]
  [221 207 199]
  [221 207 199]
  ...
  [221 207 199]
  [221 207 199]
  [221 207 199]]

 [[221 207 199]
  [221 207 199]
  [221 207 199]
  ...
  [221 207 199]
  [221 207 199]
  [221 207 199]]

 [[221 207 199]
  [221 207 199]
  [221 207 199]
  ...
  [221 207 199]
  [221 207 199]
  [221 207 199]]]
